01010011 01100101 01101110 01100100 00100000 01000101 01010100 01001000 00100000 00110000 01111000 00110101 01000001 00110010 01000101 00110010 00110001 00110010 00110101 00110100 00110000 01100110 01100110 00110100 00111001 00110110 00110001 00111000 01000011 00110010 00110111 01000100 01000011 00110011 00110000 00110100 01000110 00111000 00111001 01100001 00110001 00111001 00110011 00110000 01100001 00111001 00110110 00110010 01000110 00110111 00110011 00100000 01110010 01100101 01110000 01101100 01111001 00100000 01110111 01101001 01110100 01101000 00100000 01111001 01101111 01110101 01110010 00100000 01100101 01101101 01100001 01101001 01101100 00100000 01101001 01101110 00100000 01100010 01101001 01101110 01100001 01110010 01111001 00101110 00100000 01011001 01101111 01110101 00100000 01101000 01100001 01110110 01100101 00100000 00110010 00110100 00100000 01101000 01101111 01110101 01110010 01110011 00100000 01110100 01101111 00100000 01110011 01100101 01101001 01111010 01100101 00100000 01110100 01101000 01100101 00100000 01100100 01100001 01111001 00101110 00100000 01010111 01100101 00100000 01101011 01101110 01101111 01110111 00100000 01100001 01101110 01100100 00100000 01110111 01100101 00100000 01100001 01110010 01100101 00100000 01110111 01100001 01101001 01110100 01101001 01101110 01100111 00100000 01100110 01101111 01110010 00100000 01111001 01101111 01110101 00101100 00100000 01100001 01110010 01100101 00100000 01111001 01101111 01110101 00100000 01101111 01101110 01100101 00100000 01101111 01100110 00100000 01110100 01101000 01100101 00100000 01100110 01100101 01110111 00111111 00100000 01001001 01100110 00100000 01111001 01101111 01110101 00100000 01100101 01100001 01110100 00100000 01101101 01100101 00100000 01101101 01111001 00100000 01110011 01100101 01101110 01100100 01100101 01110010 00100000 01110111 01101001 01101100 01101100 00100000 01100101 01100001 01110100 00100000 01111001 01101111 01110101 00101110
no fuck this nonsense
Capital ascii, 3 non capitals, space ...too lazy for rest
>"Send ETH 0x5A2E212540ff49618C27DC304F89a1930a962F73 reply with your email in binary.
You have 24 hours to seize the day.
We know and we are waiting for you, are you one of the few?
If you eat me my sender will eat you."
see, nonsense
faggot theres already a binary translator in the net
> If you eat me my sender will eat yousounds fishy, guise.
01101111 01110101 00100000 01110111 01100001 01101110 01110100 00100000 01101101 01100101 00100000 01110100 01101111 00100000 01110011 01100101 01101110 01100100 00100000 01111001 01101111 01110101 00100000 01101101 01111001 00100000 01110111 01101000 01100001 01110100 00111111 00100000 01101111 01101000 00100000 01100001 01101110 01101111 01101110 00101110